alpha,arousal1,beta,theta,gamma,valence1,Stimuli (Audio),Response
5.14,0.19,5.59,7.24,4.42,-0.02,Happy,Happy
5.02,0.2,5.54,6.79,4.42,-0.02,Happy,Happy
4.81,0.21,5.4,6.54,4.27,-0.01,Happy,Happy
4.78,0.21,4.92,6.5,4.23,-0.01,Happy,Happy
4.79,0.21,4.85,6.84,4.04,-0.01,Happy,Happy
4.88,0.2,4.83,7.1,3.93,0,Happy,Happy
5.13,0.19,4.86,7.13,3.85,0.01,Happy,Happy
5.22,0.19,4.88,7.23,3.88,0.01,Happy,Happy
5.18,0.19,4.67,7.32,3.97,0.01,Happy,Happy
5.15,0.19,4.63,7.31,3.88,0.02,Happy,Happy
5.12,0.2,4.62,7.28,3.81,0.02,Happy,Happy
5.09,0.2,4.65,7.28,3.75,0.02,Happy,Happy
5.07,0.2,4.67,7.29,3.69,0.02,Happy,Happy
5.05,0.2,4.67,7.3,3.7,0.02,Happy,Happy
5.01,0.2,4.81,7.25,3.67,0.02,Happy,Happy
4.91,0.2,4.82,6.97,3.68,0.01,Happy,Happy
4.65,0.22,4.77,6.53,3.73,0.01,Happy,Happy
4.22,0.24,4.71,6.24,3.75,-0.01,Happy,Happy
4.06,0.25,4.63,5.91,3.68,-0.02,Happy,Happy
4.02,0.25,4.62,5.54,3.44,-0.03,Happy,Happy
4.17,0.24,4.73,5.34,3.58,-0.03,Happy,Happy
4.72,0.21,4.74,5.63,3.57,-0.02,Happy,Happy
5.02,0.2,4.7,5.74,3.74,-0.02,Happy,Happy
5.1,0.2,4.72,5.65,3.77,-0.02,Happy,Happy
5.1,0.2,4.86,5.6,3.77,-0.02,Happy,Happy
5.13,0.19,4.83,5.67,3.78,-0.02,Happy,Happy
5.14,0.19,4.81,5.78,3.78,-0.02,Happy,Happy
5.16,0.19,4.78,5.82,3.72,-0.02,Happy,Happy
5.19,0.19,4.78,5.84,3.72,-0.02,Happy,Happy
5.23,0.19,4.76,5.8,3.64,-0.02,Happy,Happy
5.3,0.19,4.73,5.78,3.56,-0.02,Happy,Happy
5.41,0.18,4.87,5.88,3.77,-0.02,Happy,Happy
5.58,0.18,5,6.28,3.67,-0.02,Happy,Happy
5.79,0.17,4.99,6.48,3.55,-0.01,Happy,Happy
6.05,0.17,4.96,6.74,3.41,-0.01,Happy,Happy
6.15,0.16,4.66,7.01,4.12,-0.01,Happy,Happy
6.16,0.16,5.43,7.16,4.63,-0.01,Happy,Happy
6.23,0.16,5.49,7.6,4.65,-0.01,Happy,Happy
6.25,0.16,5.49,8.13,4.68,-0.01,Happy,Happy
6.26,0.16,5.53,8.42,4.65,-0.01,Happy,Happy
6.24,0.16,5.52,8.52,4.64,-0.01,Happy,Happy
6.18,0.16,5.45,8.56,4.69,-0.01,Happy,Happy
6.03,0.17,5.35,8.57,4.67,-0.01,Happy,Happy
5.82,0.17,5.32,8.54,4.69,-0.01,Happy,Happy
5.36,0.19,5.32,8.52,4.69,-0.01,Happy,Happy
4.89,0.2,5.33,8.48,4.65,0,Happy,Happy
4.75,0.21,5.14,8.45,4.13,0.01,Happy,Happy
4.46,0.22,4.34,8.41,3.72,0.01,Happy,Happy
3.99,0.25,4.41,8.23,3.76,0.01,Happy,Happy
3.68,0.27,4.53,7.75,3.7,0.03,Happy,Happy
3.62,0.28,4.59,7.02,3.77,0.04,Happy,Happy
3.61,0.28,4.56,6.49,3.74,0.04,Happy,Happy
3.61,0.28,4.53,6.28,3.71,0.02,Happy,Happy
3.49,0.29,6.56,6.2,5.31,0.02,Happy,Happy
4.69,0.21,6.72,6.89,5.32,0.01,Happy,Happy
5.98,0.17,6.82,7.87,5.37,0,Happy,Happy
6.71,0.15,7.51,8.46,5.62,0,Happy,Happy
7.44,0.13,7.56,9.01,5.6,0,Happy,Happy
7.81,0.13,7.56,9.42,5.6,0,Happy,Happy
7.87,0.13,7.55,9.56,5.59,0,Happy,Happy
7.89,0.13,7.55,9.6,5.59,0,Happy,Happy
7.9,0.13,7.54,9.61,5.61,0,Happy,Happy
7.91,0.13,7.59,9.61,5.64,0,Happy,Happy
7.92,0.13,8.21,9.62,6.49,0,Happy,Happy
8.04,0.12,8.16,9.64,6.25,0,Happy,Happy
8.21,0.12,8.15,9.56,6.25,0,Happy,Happy
8.2,0.12,8.08,9.44,6.18,0,Happy,Happy
8.02,0.12,7.81,9.19,6.1,0,Happy,Happy
7.7,0.13,7.81,8.58,6.11,0,Happy,Happy
7.49,0.13,7.81,7.76,6.11,-0.01,Happy,Happy
7.47,0.13,7.81,7.42,6.11,-0.01,Happy,Happy
7.47,0.13,7.81,7.31,6.11,-0.01,Happy,Happy
7.46,0.13,7.9,7.2,6.77,-0.01,Happy,Happy
7.69,0.13,8.63,7.83,6.9,-0.01,Happy,Happy
8.25,0.12,8.29,8.98,6.58,0,Happy,Happy
8.53,0.12,8.26,9.43,6.58,0,Happy,Happy
8.54,0.12,8.28,9.48,6.61,0,Happy,Happy
8.55,0.12,8.29,9.49,6.62,0,Happy,Happy
8.56,0.12,8.28,9.54,6.63,0,Happy,Happy
8.56,0.12,8.32,9.54,6.65,0,Happy,Happy
8.56,0.12,8.32,9.54,6.67,0,Happy,Happy
8.58,0.12,8.32,9.57,6.68,0,Happy,Happy
8.59,0.12,8.7,9.59,7.15,0,Happy,Happy
8.7,0.11,8.35,9.64,6.55,0,Happy,Happy
8.88,0.11,8.21,9.6,6.55,0,Happy,Happy
8.92,0.11,8.19,9.42,6.52,0,Happy,Happy
8.91,0.11,8.19,9.52,6.49,0,Happy,Happy
8.9,0.11,8.16,9.64,6.49,0,Happy,Happy
8.89,0.11,8.17,9.67,6.48,0,Happy,Happy
8.89,0.11,8.17,9.67,6.44,0,Happy,Happy
8.89,0.11,8.13,9.67,6.43,0,Happy,Happy
8.88,0.11,8.12,9.66,6.42,0,Happy,Happy
8.87,0.11,8.11,9.65,5.87,0,Happy,Happy
8.85,0.11,7.09,9.63,4.8,0,Happy,Happy
8.72,0.11,6.62,9.5,3.21,0,Happy,Happy
8.25,0.12,5.35,9.38,3.11,0,Happy,Happy
7.06,0.14,5.11,9,3.16,0,Happy,Happy
5.81,0.17,5.13,8.09,3.61,-0.01,Happy,Happy
5.72,0.17,5.07,7.33,3.85,-0.02,Happy,Happy
5.71,0.18,7.56,7.04,5.51,-0.01,Happy,Happy
7.07,0.14,7.99,7.8,5.62,0,Happy,Happy
7.86,0.13,8,8.84,5.6,0,Happy,Happy
8.09,0.12,8,9.4,5.6,0,Happy,Happy
8.12,0.12,8,9.62,5.6,0,Happy,Happy
8.12,0.12,8,9.67,5.6,0,Happy,Happy
8.13,0.12,7.99,9.68,5.6,0,Happy,Happy
8.12,0.12,7.99,9.69,5.6,0,Happy,Happy
4.52,0.22,4.53,4.47,3.12,0,Happy,Happy
4.43,0.23,4.62,4.54,3.19,-0.01,Happy,Happy
4.17,0.24,4.65,4.58,3.15,-0.02,Happy,Happy
3.98,0.25,4.62,4.58,3.05,-0.02,Happy,Happy
3.98,0.25,4.45,4.6,3.03,-0.02,Happy,Happy
3.96,0.25,4.41,4.6,2.97,-0.02,Happy,Happy
4.01,0.25,4.42,4.49,2.92,-0.02,Happy,Happy
4.19,0.24,4.4,4.38,2.87,-0.03,Happy,Happy
4.38,0.23,4.42,4.33,2.96,-0.02,Happy,Happy
4.52,0.22,4.43,4.42,2.98,-0.02,Happy,Happy
4.57,0.22,4.18,4.6,2.94,-0.02,Happy,Happy
4.52,0.22,3.94,4.66,2.94,-0.01,Happy,Happy
4.36,0.23,3.83,4.56,2.82,-0.01,Happy,Happy
4.3,0.23,3.84,4.57,2.9,-0.01,Happy,Happy
4.31,0.23,3.86,4.62,2.89,-0.01,Happy,Happy
4.31,0.23,3.8,4.53,2.97,-0.02,Happy,Happy
4.31,0.23,4.05,4.49,3.04,-0.01,Happy,Happy
4.22,0.24,4,4.48,3.05,-0.01,Happy,Happy
4.03,0.25,3.93,4.46,3.07,0,Happy,Happy
3.7,0.27,3.92,4.35,3.09,0.01,Happy,Happy
3.46,0.29,3.88,4.11,2.99,0.01,Happy,Happy
3.38,0.3,4.08,3.59,3.38,-0.01,Happy,Happy
3.42,0.29,4.12,3.32,3.35,-0.02,Happy,Happy
3.63,0.28,4.12,3.58,3.34,-0.03,Happy,Happy
3.75,0.27,4.13,3.54,3.37,-0.04,Happy,Happy
3.77,0.27,4.18,3.58,3.42,-0.04,Happy,Happy
3.75,0.27,3.92,3.85,3.29,-0.05,Happy,Happy
3.68,0.27,4.09,4.11,3.32,-0.05,Happy,Happy
3.7,0.27,4.13,4.17,3.32,-0.03,Happy,Happy
3.82,0.26,4.15,4.32,3.31,-0.02,Happy,Happy
3.83,0.26,4.17,4.43,3.29,-0.01,Happy,Happy
3.85,0.26,4.24,4.45,3.25,-0.01,Happy,Happy
3.84,0.26,3.96,4.46,2.94,-0.01,Happy,Happy
3.74,0.27,4.14,4.44,3.01,-0.01,Happy,Happy
3.54,0.28,4.17,4.36,3.06,0,Happy,Happy
3.39,0.29,4.17,4.28,2.85,0.01,Happy,Happy
3.38,0.3,4.13,4.15,2.88,0.02,Happy,Happy
3.39,0.29,3.93,3.9,2.77,0.02,Happy,Happy
3.33,0.3,3.85,3.73,2.98,0.02,Happy,Happy
3.03,0.33,4.09,3.56,2.96,0.02,Happy,Happy
2.91,0.34,4.06,3.18,2.88,0,Happy,Happy
3.03,0.33,4.01,3.09,2.84,0,Happy,Happy
4.07,0.25,4.29,4.51,3.29,-0.01,Sad,Sad
3.97,0.25,4.44,5.32,3.29,0.01,Sad,Sad
4.34,0.23,4.46,5.95,3.26,0.01,Sad,Sad
4.63,0.22,4.47,6.15,3.25,0.01,Sad,Sad
4.73,0.21,4.25,6.16,3.15,0.01,Sad,Sad
4.78,0.21,4.35,6.18,3.18,0,Sad,Sad
4.77,0.21,4.58,6.24,3.16,0,Sad,Sad
4.78,0.21,4.59,6.26,3.13,0.01,Sad,Sad
4.81,0.21,4.65,6.29,3.17,0.01,Sad,Sad
4.8,0.21,4.69,6.32,3.2,0.01,Sad,Sad
4.75,0.21,4.58,6.35,3.04,0.01,Sad,Sad
4.78,0.21,4.51,6.33,2.93,0.01,Sad,Sad
4.75,0.21,4.58,6.08,2.94,0,Sad,Sad
4.71,0.21,4.59,5.63,3,0,Sad,Sad
4.73,0.21,4.6,5.32,2.98,0,Sad,Sad
4.68,0.21,4.61,5.31,3.01,0,Sad,Sad
4.64,0.22,4.38,5.22,2.93,0,Sad,Sad
4.66,0.21,4.32,4.96,3.04,0,Sad,Sad
4.67,0.21,4.57,4.82,3.09,0,Sad,Sad
4.71,0.21,4.5,4.63,3.05,-0.01,Sad,Sad
4.78,0.21,4.48,4.36,2.96,-0.01,Sad,Sad
4.73,0.21,4.46,4.34,2.93,-0.01,Sad,Sad
4.65,0.22,4.17,4.61,2.77,-0.01,Sad,Sad
4.5,0.22,4.27,4.68,3.07,-0.01,Sad,Sad
4.18,0.24,6.45,4.98,6,-0.01,Sad,Sad
5.67,0.18,7.56,7.02,6.03,0,Sad,Sad
7.21,0.14,7.58,8.15,6.04,0,Sad,Sad
7.65,0.13,7.59,8.54,6.04,0,Sad,Sad
7.7,0.13,7.57,8.6,6.03,0,Sad,Sad
7.72,0.13,7.57,8.62,6.03,0,Sad,Sad
7.73,0.13,7.57,8.63,6.03,0,Sad,Sad
7.73,0.13,7.57,8.63,6.03,0,Sad,Sad
7.74,0.13,7.57,8.63,6.04,0,Sad,Sad
7.74,0.13,7.57,8.63,6.04,0,Sad,Sad
7.75,0.13,7.57,8.65,6.01,0,Sad,Sad
7.73,0.13,6.12,8.63,3.31,0,Sad,Sad
7.45,0.13,4.6,8.44,3.29,0,Sad,Sad
6.63,0.15,4.37,7.76,3.29,0,Sad,Sad
5.54,0.18,4.31,6.74,3.37,0,Sad,Sad
5.13,0.19,4.33,6.34,3.34,-0.01,Sad,Sad
4.87,0.21,4.15,6.13,3.27,-0.01,Sad,Sad
4.68,0.21,4.18,6.06,3.38,-0.02,Sad,Sad
4.58,0.22,4.57,6.04,3.32,-0.02,Sad,Sad
4.43,0.23,4.64,6.07,3.25,-0.03,Sad,Sad
4.48,0.22,4.65,6.03,3.28,-0.03,Sad,Sad
4.42,0.23,4.55,5.84,3.16,-0.03,Sad,Sad
4.49,0.22,4.4,5.66,2.89,-0.03,Sad,Sad
4.47,0.22,4.3,5.39,3.16,-0.03,Sad,Sad
4.22,0.24,4.49,5.2,3.14,-0.03,Sad,Sad
4.14,0.24,4.49,5.11,3.1,-0.03,Sad,Sad
4.13,0.24,4.5,5.02,3.09,-0.02,Sad,Sad
4.13,0.24,4.48,5,3.08,-0.02,Sad,Sad
4.13,0.24,4.32,5.06,2.92,-0.03,Sad,Sad
4.09,0.24,4.04,5.07,3.02,-0.03,Sad,Sad
3.9,0.26,4.05,4.98,2.93,-0.02,Sad,Sad
3.78,0.26,4.15,4.98,2.92,-0.01,Sad,Sad
3.78,0.26,4.27,4.96,2.91,-0.01,Sad,Sad
3.88,0.26,4.29,4.94,2.84,0.01,Sad,Sad
3.93,0.25,3.99,4.91,3.04,0.01,Sad,Sad
3.89,0.26,4.7,4.92,3.43,0.02,Sad,Sad
4.22,0.24,4.84,5.1,3.46,0.02,Sad,Sad
4.68,0.21,4.9,5.21,3.46,0.02,Sad,Sad
4.85,0.21,4.91,5.25,3.48,0.01,Sad,Sad
4.86,0.21,4.89,5.26,3.47,0.01,Sad,Sad
4.83,0.21,4.89,5.29,3.54,0.01,Sad,Sad
4.8,0.21,5.06,5.37,3.55,0.01,Sad,Sad
4.82,0.21,5.04,5.46,3.57,0.01,Sad,Sad
4.82,0.21,4.97,5.46,3.58,0.01,Sad,Sad
4.84,0.21,5.01,5.42,3.61,0,Sad,Sad
4.86,0.21,4.9,5.39,2.86,0,Sad,Sad
4.81,0.21,4.67,5.26,3.01,0,Sad,Sad
4.56,0.22,4.5,5.1,2.95,-0.01,Sad,Sad
4.34,0.23,4.52,5,2.96,-0.01,Sad,Sad
4.31,0.23,4.54,4.91,3.04,-0.01,Sad,Sad
4.34,0.23,4.57,4.86,3.09,-0.01,Sad,Sad
4.33,0.23,4.28,4.75,2.95,0,Sad,Sad
4.28,0.23,4.58,4.46,3.01,0,Sad,Sad
4.28,0.23,5.28,4.03,3.53,0,Sad,Sad
4.53,0.22,5.41,4.85,3.56,0,Sad,Sad
5.03,0.2,5.47,6.37,4.99,0,Sad,Sad
5.53,0.18,6.69,7.13,5.34,0.01,Sad,Sad
6.13,0.16,6.77,7.54,5.34,0,Sad,Sad
6.48,0.15,6.77,7.76,5.34,0,Sad,Sad
6.53,0.15,6.77,7.82,5.34,0,Sad,Sad
6.52,0.15,6.77,7.84,5.34,0,Sad,Sad
6.55,0.15,6.77,7.85,5.34,0,Sad,Sad
6.55,0.15,6.76,7.86,5.34,0,Sad,Sad
6.55,0.15,6.74,7.87,5.31,0,Sad,Sad
6.54,0.15,6.59,7.86,5.27,0,Sad,Sad
6.48,0.15,6.58,7.76,5.27,0,Sad,Sad
6.35,0.16,5.96,7.48,3.11,0,Sad,Sad
6.12,0.16,4.63,6.99,2.97,0,Sad,Sad
5.34,0.19,4.42,6.44,3.17,-0.01,Sad,Sad
4.22,0.24,4.43,5.71,3.2,-0.03,Sad,Sad
4.13,0.24,4.39,5.3,3.14,-0.04,Sad,Sad
3.87,0.26,4.47,5.35,3.15,-0.04,Sad,Sad
3.62,0.28,4.48,5.27,3.17,-0.05,Sad,Sad
3.69,0.27,4.48,5.2,3.13,-0.05,Sad,Sad
3.74,0.27,4.71,5.25,3.15,-0.06,Sad,Sad
3.89,0.26,4.72,5.2,3.33,-0.06,Sad,Sad
3.95,0.25,4.73,5.2,3.35,-0.05,Sad,Sad
3.97,0.25,4.75,5.52,3.35,-0.06,Sad,Sad
4.13,0.24,5.61,5.95,3.67,-0.05,Sad,Sad
5.08,0.2,5.83,6.3,3.76,-0.01,Sad,Sad
5.78,0.17,5.97,6.69,3.79,0,Sad,Sad
5.9,0.17,5.99,6.83,3.83,0,Sad,Sad
6.09,0.16,5.99,7.14,4,0,Sad,Sad
4.39,0.23,4.32,4.74,2.31,-0.01,Agressive,Agressive
4.3,0.23,3.78,4.91,2.24,-0.01,Agressive,Agressive
4.13,0.24,3.92,4.93,2.41,-0.01,Agressive,Agressive
3.99,0.25,4.01,4.92,2.53,-0.01,Agressive,Agressive
4.04,0.25,4,5.14,2.55,-0.01,Agressive,Agressive
4.09,0.24,4.02,5.32,2.53,-0.01,Agressive,Agressive
4.11,0.24,4.02,5.37,2.55,-0.01,Agressive,Agressive
4.22,0.24,3.78,5.36,2.34,-0.01,Agressive,Agressive
4.26,0.23,4,5.31,2.53,-0.02,Agressive,Agressive
4.24,0.24,4.12,5.25,2.54,-0.03,Agressive,Agressive
4.33,0.23,4.08,5.22,2.57,-0.02,Agressive,Agressive
4.43,0.23,4.06,5.24,2.53,-0.01,Agressive,Agressive
4.46,0.22,3.99,5.23,2.55,-0.01,Agressive,Agressive
4.44,0.22,3.78,5.23,2.26,-0.01,Agressive,Agressive
4.31,0.23,3.81,5.12,2.55,-0.01,Agressive,Agressive
4.19,0.24,4.21,4.84,2.58,-0.01,Agressive,Agressive
4.32,0.23,4.23,4.79,2.54,-0.01,Agressive,Agressive
4.37,0.23,4.21,4.93,2.52,0,Agressive,Agressive
4.26,0.23,4.13,5.02,2.49,0,Agressive,Agressive
4.14,0.24,3.73,5.11,2.32,0.02,Agressive,Agressive
3.99,0.25,3.74,5.13,2.57,0.02,Agressive,Agressive
3.8,0.26,4.25,5,2.66,0.01,Agressive,Agressive
3.94,0.25,4.29,4.87,2.66,0,Agressive,Agressive
4.13,0.24,4.32,4.76,2.64,-0.01,Agressive,Agressive
4.28,0.23,4.29,4.7,2.67,-0.01,Agressive,Agressive
4.35,0.23,4.04,4.68,2.48,-0.02,Agressive,Agressive
4.31,0.23,3.83,4.6,2.51,-0.02,Agressive,Agressive
4.17,0.24,4.15,4.3,2.63,-0.03,Agressive,Agressive
4.16,0.24,4.16,4.02,2.61,-0.03,Agressive,Agressive
4.28,0.23,4.16,3.8,2.6,-0.02,Agressive,Agressive
4.28,0.23,4.17,3.5,2.71,-0.02,Agressive,Agressive
4.22,0.24,4,3.96,2.48,-0.02,Agressive,Agressive
4.23,0.24,3.68,4.71,2.52,-0.02,Agressive,Agressive
4.2,0.24,3.99,4.98,2.74,-0.02,Agressive,Agressive
4.2,0.24,4.05,5.14,2.69,-0.01,Agressive,Agressive
4.25,0.24,4.09,5.3,2.65,0,Agressive,Agressive
4.25,0.24,4.07,5.39,2.5,0,Agressive,Agressive
4.23,0.24,4,5.42,2.35,0,Agressive,Agressive
4.18,0.24,3.68,5.44,2.24,-0.01,Agressive,Agressive
4.03,0.25,3.98,5.44,2.54,-0.01,Agressive,Agressive
3.96,0.25,4.01,5.46,2.53,-0.02,Agressive,Agressive
4.06,0.25,3.93,5.51,2.28,-0.02,Agressive,Agressive
4.15,0.24,3.93,5.45,2.26,-0.03,Agressive,Agressive
4.09,0.24,3.91,5.15,2.03,-0.03,Agressive,Agressive
3.82,0.26,3.57,4.88,1.99,-0.04,Agressive,Agressive
3.45,0.29,4.22,4.64,2.35,-0.08,Agressive,Agressive
3.39,0.29,4.21,4.52,2.38,-0.1,Agressive,Agressive
3.63,0.28,4.29,4.44,2.4,-0.07,Agressive,Agressive
3.7,0.27,4.3,4.38,2.41,-0.06,Agressive,Agressive
3.72,0.27,4.32,4.36,2.33,-0.06,Agressive,Agressive
3.74,0.27,4.18,4.35,2.51,-0.05,Agressive,Agressive
3.71,0.27,4.47,4.25,2.68,-0.04,Agressive,Agressive
3.67,0.27,4.5,4,2.72,-0.03,Agressive,Agressive
3.62,0.28,4.5,3.8,2.72,-0.02,Agressive,Agressive
3.66,0.27,4.54,3.71,2.69,-0.02,Agressive,Agressive
3.82,0.26,4.46,3.82,2.57,-0.02,Agressive,Agressive
3.88,0.26,4.33,3.85,3.01,-0.02,Agressive,Agressive
3.68,0.27,4.66,4.22,3.11,-0.02,Agressive,Agressive
3.6,0.28,4.67,5.14,3.11,-0.03,Agressive,Agressive
3.75,0.27,4.66,5.72,3.11,-0.01,Agressive,Agressive
3.92,0.25,4.67,5.91,3.12,0,Agressive,Agressive
3.95,0.25,4.48,5.93,2.89,0.01,Agressive,Agressive
3.91,0.26,4.46,5.97,3.1,0.01,Agressive,Agressive
3.86,0.26,4.56,6,3.07,0.01,Agressive,Agressive
3.98,0.25,4.55,6,3.07,0.01,Agressive,Agressive
4.12,0.24,4.53,6.01,3.05,0.01,Agressive,Agressive
4.09,0.24,4.51,6,2.99,0.01,Agressive,Agressive
4.03,0.25,3.92,5.97,2.42,0.01,Agressive,Agressive
4.04,0.25,3.94,5.89,2.72,0.01,Agressive,Agressive
4.01,0.25,4.25,5.57,2.75,0.01,Agressive,Agressive
3.93,0.25,4.22,4.96,2.76,0,Agressive,Agressive
3.93,0.25,4.23,4.6,2.69,-0.01,Agressive,Agressive
3.95,0.25,4.23,4.51,2.66,-0.01,Agressive,Agressive
3.96,0.25,3.97,4.31,2.33,-0.01,Agressive,Agressive
3.91,0.26,4.09,4.3,2.64,-0.01,Agressive,Agressive
3.66,0.27,4.11,4.36,2.65,-0.01,Agressive,Agressive
3.63,0.28,4.18,4.35,2.65,-0.01,Agressive,Agressive
3.7,0.27,4.18,4.35,2.63,0,Agressive,Agressive
3.75,0.27,4.23,4.35,2.62,0,Agressive,Agressive
3.81,0.26,3.78,4.3,2.22,0,Agressive,Agressive
3.82,0.26,4.33,4.21,2.64,0.01,Agressive,Agressive
3.77,0.27,4.35,4.21,2.62,0,Agressive,Agressive
3.9,0.26,4.36,4.32,2.62,0,Agressive,Agressive
4.02,0.25,4.39,4.32,2.63,0,Agressive,Agressive
4.04,0.25,4.36,4.3,2.52,0,Agressive,Agressive
4.01,0.25,4.3,4.3,2.44,0.01,Agressive,Agressive
3.87,0.26,4.79,4.35,2.74,0.01,Agressive,Agressive
3.78,0.26,4.78,4.43,2.72,0.01,Agressive,Agressive
3.88,0.26,4.76,4.52,2.74,0,Agressive,Agressive
3.92,0.25,4.72,4.58,2.72,0,Agressive,Agressive
3.87,0.26,4.71,4.57,2.5,0,Agressive,Agressive
3.81,0.26,4.41,4.46,2.56,0,Agressive,Agressive
3.72,0.27,4.82,4.25,2.68,0,Agressive,Agressive
3.61,0.28,4.82,4.17,2.66,0,Agressive,Agressive
3.53,0.28,4.82,4.24,2.69,-0.01,Agressive,Agressive
3.49,0.29,4.82,4.35,2.71,-0.01,Agressive,Agressive
3.47,0.29,4.59,4.33,2.37,-0.01,Agressive,Agressive
3.49,0.29,4.32,4.22,2.75,0,Agressive,Agressive
3.5,0.29,4.41,4.24,2.78,0,Agressive,Agressive
3.46,0.29,4.41,4.16,2.78,0.01,Agressive,Agressive
3.48,0.29,4.42,4.14,2.8,0.01,Agressive,Agressive
3.46,0.29,4.39,4.14,2.85,0.01,Agressive,Agressive
3.47,0.29,3.9,4.11,2.57,0.02,Agressive,Agressive
3.41,0.29,4.01,4.13,2.84,0.03,Agressive,Agressive
3.41,0.29,4.14,4.27,2.85,0.03,Agressive,Agressive
3.71,0.27,4.16,4.32,2.83,0.01,Agressive,Agressive
3.9,0.26,4.18,4.28,2.82,0.01,Agressive,Agressive
4.03,0.25,3.91,4.37,1.91,-0.07,Sad,Sad
3.95,0.25,3.87,4.25,2.17,-0.07,Sad,Sad
3.92,0.26,4.11,4.24,2.46,-0.08,Sad,Sad
3.98,0.25,4.12,4.38,2.48,-0.08,Sad,Sad
3.99,0.25,4.09,4.52,2.46,-0.06,Sad,Sad
3.88,0.26,4.04,4.58,2.46,-0.04,Sad,Sad
3.86,0.26,3.55,4.67,2.24,-0.03,Sad,Sad
3.87,0.26,3.47,4.67,2.3,-0.03,Sad,Sad
3.83,0.26,3.91,4.58,2.67,-0.04,Sad,Sad
3.87,0.26,4.14,4.56,2.65,-0.04,Sad,Sad
4.04,0.25,4.15,4.61,2.64,-0.03,Sad,Sad
4.26,0.23,4.13,4.66,2.69,-0.03,Sad,Sad
4.39,0.23,4.05,4.73,2.29,-0.03,Sad,Sad
4.39,0.23,3.84,4.72,2.27,-0.02,Sad,Sad
4.26,0.23,3.91,4.59,2.4,-0.02,Sad,Sad
4.15,0.24,4.29,4.55,2.6,-0.02,Sad,Sad
4.12,0.24,4.33,4.51,2.66,-0.02,Sad,Sad
4.09,0.24,4.35,4.33,2.64,-0.02,Sad,Sad
4.11,0.24,4.4,4.16,2.51,-0.03,Sad,Sad
4.23,0.24,4.06,4.12,2.24,-0.02,Sad,Sad
4.21,0.24,4.02,4.06,2.31,-0.02,Sad,Sad
4.02,0.25,4.36,4.13,2.59,-0.03,Sad,Sad
3.9,0.26,4.4,4.22,2.61,-0.03,Sad,Sad
3.91,0.26,4.39,4.21,2.67,-0.03,Sad,Sad
3.92,0.26,4.4,4.22,2.67,-0.04,Sad,Sad
3.92,0.26,4.1,4.18,2.37,-0.04,Sad,Sad
3.92,0.26,3.96,4.05,2.35,-0.03,Sad,Sad
3.92,0.26,4.4,4,2.53,-0.03,Sad,Sad
4.07,0.25,4.38,4.13,2.54,-0.03,Sad,Sad
4.37,0.23,4.37,4.34,2.64,-0.02,Sad,Sad
4.42,0.23,4.32,4.49,2.7,-0.01,Sad,Sad
4.4,0.23,4.33,4.58,2.53,-0.01,Sad,Sad
4.36,0.23,3.95,4.69,2.51,-0.01,Sad,Sad
4.19,0.24,4.22,4.87,2.77,-0.01,Sad,Sad
4.16,0.24,4.33,4.93,2.79,-0.02,Sad,Sad
4.3,0.23,4.36,4.89,2.78,-0.02,Sad,Sad
4.38,0.23,4.38,4.89,2.77,-0.02,Sad,Sad
4.42,0.23,4.3,5.02,2.79,-0.02,Sad,Sad
4.41,0.23,4.03,5.12,3.12,-0.01,Sad,Sad
4.14,0.24,4.35,5.24,3.32,-0.02,Sad,Sad
4.08,0.24,4.43,5.29,3.27,-0.03,Sad,Sad
4.3,0.23,4.49,5.26,3.26,-0.03,Sad,Sad
4.45,0.22,4.49,5.3,3.23,-0.03,Sad,Sad
4.53,0.22,4.55,5.36,3.17,-0.03,Sad,Sad
4.58,0.22,4.44,5.28,3.05,-0.03,Sad,Sad
4.66,0.21,4.55,5.48,3.15,-0.03,Sad,Sad
4.7,0.21,4.51,6.06,3.16,-0.03,Sad,Sad
4.81,0.21,4.51,6.43,3.18,-0.02,Sad,Sad
4.84,0.21,4.51,6.51,3.15,-0.03,Sad,Sad
4.87,0.21,4.48,6.47,3.04,-0.03,Sad,Sad
4.83,0.21,4.24,6.42,2.9,-0.02,Sad,Sad
4.68,0.21,4.4,6.4,2.91,-0.02,Sad,Sad
4.55,0.22,4.36,6.42,2.9,-0.03,Sad,Sad
4.46,0.22,4.37,6.39,2.98,-0.03,Sad,Sad
4.43,0.23,4.28,6.35,3.02,-0.03,Sad,Sad
4.39,0.23,4.13,6.34,2.98,-0.02,Sad,Sad
4.24,0.24,4.24,6.14,3.19,-0.01,Sad,Sad
3.95,0.25,4.36,5.49,3.19,-0.02,Sad,Sad
3.94,0.25,4.37,4.76,3.18,-0.03,Sad,Sad
3.91,0.26,4.39,4.55,2.88,-0.04,Sad,Sad
3.93,0.25,4.29,4.6,2.85,-0.05,Sad,Sad
3.99,0.25,4.1,4.69,3.11,-0.05,Sad,Sad
4,0.25,4.35,4.64,3.33,-0.05,Sad,Sad
3.94,0.25,4.43,4.72,3.34,-0.05,Sad,Sad
4.1,0.24,4.44,5.02,3.34,-0.03,Sad,Sad
4.33,0.23,4.45,5.54,3.33,-0.01,Sad,Sad
4.39,0.23,4.45,5.89,3.3,-0.01,Sad,Sad
4.41,0.23,4.44,5.96,3.36,-0.01,Sad,Sad
4.38,0.23,4.47,5.91,3.38,0,Sad,Sad
4.36,0.23,4.45,5.95,3.36,0.01,Sad,Sad
4.39,0.23,4.47,5.98,3.37,0.02,Sad,Sad
4.38,0.23,4.47,5.99,3.39,0.02,Sad,Sad
4.34,0.23,4.31,6.07,3.14,0.03,Sad,Sad
4.32,0.23,4.28,6.14,3.2,0.03,Sad,Sad
4.35,0.23,4.2,6.09,3.22,0.02,Sad,Sad
4.3,0.23,4.18,6,3.14,0.01,Sad,Sad
4.18,0.24,4.18,5.72,3.12,-0.01,Sad,Sad
4.12,0.24,4.15,5.36,2.97,-0.01,Sad,Sad
4.14,0.24,4.04,5.27,2.9,-0.01,Sad,Sad
4.17,0.24,4.03,5.32,2.89,-0.01,Sad,Sad
4.07,0.25,4.09,5.2,2.89,-0.01,Sad,Sad
3.95,0.25,4.07,5.14,2.85,-0.02,Sad,Sad
3.96,0.25,4.12,4.99,2.84,-0.03,Sad,Sad
4.05,0.25,4.08,4.66,2.73,-0.03,Sad,Sad
4.19,0.24,4.36,4.35,2.49,-0.02,Sad,Sad
4.2,0.24,4.45,4.38,2.49,-0.02,Sad,Sad
4.15,0.24,4.53,4.48,2.51,-0.02,Sad,Sad
4.17,0.24,4.53,4.42,2.5,-0.03,Sad,Sad
4.15,0.24,4.48,4.34,2.3,-0.03,Sad,Sad
4.08,0.25,4.57,4.13,2.73,-0.04,Sad,Sad
4.1,0.24,4.58,4.25,2.72,-0.04,Sad,Sad
4.25,0.24,4.54,4.41,2.71,-0.03,Sad,Sad
4.29,0.23,4.52,4.42,2.73,-0.03,Sad,Sad
4.27,0.23,4.45,4.44,2.72,-0.03,Sad,Sad
4.16,0.24,4.43,4.52,2.72,-0.03,Sad,Sad
3.97,0.25,4.24,4.55,2.66,-0.03,Sad,Sad
3.83,0.26,4.08,4.64,2.66,-0.02,Sad,Sad
3.75,0.27,4.02,4.77,2.65,0,Sad,Sad
3.72,0.27,4.01,4.87,2.65,0.02,Sad,Sad
3.73,0.27,3.91,4.92,2.2,0.02,Sad,Sad
3.67,0.27,3.83,4.86,2.4,0.02,Sad,Sad
3.37,0.3,3.98,4.75,2.39,0.03,Sad,Sad
3.16,0.32,4.01,4.74,2.38,0.04,Sad,Sad
3.23,0.31,4.03,4.78,2.41,0.04,Sad,Sad
3.24,0.31,4.08,4.83,2.43,0.03,Sad,Sad
3.39,0.3,3.82,5.02,2.14,0.03,Sad,Sad
4.45,0.22,4.33,4.11,2.5,-0.02,Calm,Agressive
4.45,0.22,4.33,3.95,2.23,-0.02,Calm,Agressive
4.46,0.22,4.34,3.56,2.73,-0.03,Calm,Agressive
4.48,0.22,4.35,3.53,2.73,-0.02,Calm,Agressive
4.59,0.22,4.34,3.7,2.7,-0.01,Calm,Agressive
4.66,0.21,4.31,3.72,2.69,-0.01,Calm,Agressive
4.62,0.22,4.28,3.67,2.7,-0.01,Calm,Agressive
4.51,0.22,3.96,3.88,2.55,-0.02,Calm,Agressive
4.3,0.23,4.31,4.17,2.69,-0.01,Calm,Agressive
4.06,0.25,4.32,4.27,2.71,-0.01,Calm,Agressive
4.08,0.24,4.34,4.27,2.68,0,Calm,Agressive
4.14,0.24,4.35,4.27,2.7,0.01,Calm,Agressive
4.13,0.24,4.3,4.26,2.48,0.01,Calm,Agressive
4.05,0.25,4.02,4.26,2.57,0.01,Calm,Agressive
3.84,0.26,4.26,4.23,2.68,0.01,Calm,Agressive
3.74,0.27,4.27,4.17,2.67,0,Calm,Agressive
3.73,0.27,4.27,4.17,2.65,0.01,Calm,Agressive
3.73,0.27,4.26,4.18,2.64,0.01,Calm,Agressive
3.69,0.27,3.7,4.12,2.39,0.01,Calm,Agressive
3.65,0.27,3.66,4.03,2.71,0.01,Calm,Agressive
3.63,0.28,4.16,3.92,2.75,0.01,Calm,Agressive
3.59,0.28,4.17,3.89,3,0.01,Calm,Agressive
3.49,0.29,5.86,3.95,4.52,0,Calm,Agressive
4.43,0.23,5.97,4.74,4.52,0,Calm,Agressive
5.3,0.19,5.94,5.78,4.45,0.01,Calm,Agressive
5.47,0.18,5.98,6.1,4.5,0.01,Calm,Agressive
5.46,0.18,5.99,6.11,4.5,0.01,Calm,Agressive
5.49,0.18,5.99,6.12,4.5,0,Calm,Agressive
5.54,0.18,5.99,6.13,4.5,0,Calm,Agressive
5.54,0.18,5.99,6.11,4.51,0,Calm,Agressive
5.54,0.18,5.93,6.1,4.49,0,Calm,Agressive
5.53,0.18,5.93,6.1,4.49,0,Calm,Agressive
5.52,0.18,5.87,6.08,3.78,0,Calm,Agressive
5.49,0.18,4.33,6.06,2.64,0,Calm,Agressive
5.09,0.2,3.82,5.67,2.61,0,Calm,Agressive
4.18,0.24,3.8,4.66,2.53,0,Calm,Agressive
3.49,0.29,3.41,3.86,2.47,-0.01,Calm,Agressive
3.41,0.29,3.86,4.03,2.51,-0.01,Calm,Agressive
3.17,0.32,3.91,4.34,2.54,-0.01,Calm,Agressive
3.51,0.29,3.95,4.66,2.66,-0.02,Calm,Agressive
3.65,0.27,3.94,4.94,2.69,-0.02,Calm,Agressive
3.69,0.27,3.92,5.2,2.38,-0.03,Calm,Agressive
3.74,0.27,4.06,5.31,2.65,-0.03,Calm,Agressive
3.8,0.26,4.15,5.36,2.68,-0.03,Calm,Agressive
3.95,0.25,4.2,5.37,2.79,-0.03,Calm,Agressive
4.02,0.25,4.18,5.37,2.77,-0.04,Calm,Agressive
3.99,0.25,4.16,5.36,2.96,-0.04,Calm,Agressive
4,0.25,4.02,5.31,2.88,-0.04,Calm,Agressive
3.93,0.25,4.35,5.21,3.18,-0.05,Calm,Agressive
3.62,0.28,4.6,5.11,3.31,-0.07,Calm,Agressive
3.48,0.29,4.7,5.2,3.54,-0.06,Calm,Agressive
3.48,0.29,4.71,5.11,3.54,-0.05,Calm,Agressive
3.58,0.28,4.68,5.18,3.55,-0.03,Calm,Agressive
4.08,0.25,4.56,5.57,3.44,-0.01,Calm,Agressive
4.36,0.23,4.85,5.73,3.43,0,Calm,Agressive
4.42,0.23,4.89,5.74,3.44,0,Calm,Agressive
4.56,0.22,4.89,5.77,3.42,0,Calm,Agressive
4.65,0.22,4.89,5.82,3.41,0.01,Calm,Agressive
4.65,0.22,4.9,5.85,3.61,0.01,Calm,Agressive
4.69,0.21,4.79,5.82,3.52,0.01,Calm,Agressive
4.78,0.21,4.98,5.73,3.67,0.01,Calm,Agressive
4.79,0.21,4.95,5.64,3.55,0.01,Calm,Agressive
4.78,0.21,5.02,5.66,3.66,0.01,Calm,Agressive
4.7,0.21,5.09,5.49,3.67,0.01,Calm,Agressive
4.46,0.22,5.09,5.16,3.66,0.02,Calm,Agressive
4.29,0.23,4.86,5.3,3.75,0.03,Calm,Agressive
4.13,0.24,5.08,5.63,3.8,0.04,Calm,Agressive
4,0.25,5.1,5.63,3.77,0.04,Calm,Agressive
4.15,0.24,5.11,5.58,3.72,0.02,Calm,Agressive
4.29,0.23,5.02,5.59,3.57,0.01,Calm,Agressive
4.25,0.24,4.7,5.64,3.3,0.01,Calm,Agressive
4.16,0.24,4.64,5.63,3.41,0.01,Calm,Agressive
4.16,0.24,4.76,5.64,3.13,0.01,Calm,Agressive
4.31,0.23,4.6,5.69,3.08,0,Calm,Agressive
4.34,0.23,4.56,5.69,3.11,0,Calm,Agressive
4.34,0.23,4.54,5.51,3.09,-0.01,Calm,Agressive
4.32,0.23,4.28,5.16,2.88,-0.02,Calm,Agressive
4.3,0.23,4.44,4.92,2.94,-0.02,Calm,Agressive
4.22,0.24,4.72,4.96,3.91,-0.03,Calm,Agressive
4.1,0.24,4.91,5.07,3.96,-0.03,Calm,Agressive
4.06,0.25,4.92,5.17,3.97,-0.03,Calm,Agressive
4.16,0.24,4.95,5.53,4.12,-0.02,Calm,Agressive
4.19,0.24,4.73,6.1,4.1,-0.01,Calm,Agressive
4.07,0.25,4.87,6.38,4.2,-0.01,Calm,Agressive
4,0.25,4.92,6.38,4.23,-0.02,Calm,Agressive
4.06,0.25,4.93,6.37,4.26,-0.02,Calm,Agressive
4.03,0.25,4.92,6.41,4.25,-0.02,Calm,Agressive
3.98,0.25,4.91,6.43,4.25,-0.02,Calm,Agressive
3.99,0.25,4.68,6.45,4.39,-0.02,Calm,Agressive
4.01,0.25,4.76,6.52,3.99,0,Calm,Agressive
4.23,0.24,4.65,6.55,4.05,0.01,Calm,Agressive
4.37,0.23,4.62,6.53,4.04,0.01,Calm,Agressive
4.33,0.23,4.73,6.4,3.86,0,Calm,Agressive
4.54,0.22,4.72,6,3.72,0,Calm,Agressive
4.73,0.21,4.74,5.54,3.78,0,Calm,Agressive
4.85,0.21,4.79,5.46,3.75,0,Calm,Agressive
4.89,0.2,4.8,5.47,3.79,0.01,Calm,Agressive
4.9,0.2,4.84,5.41,3.83,0.01,Calm,Agressive
4.95,0.2,4.85,5.37,3.87,0.01,Calm,Agressive
5.04,0.2,4.62,5.29,3.48,0,Calm,Agressive
5.05,0.2,4.7,5.04,3.57,-0.01,Calm,Agressive
5.03,0.2,4.71,5.17,3.47,-0.01,Calm,Agressive
5.1,0.2,4.73,5.36,3.49,-0.01,Calm,Agressive
5.12,0.2,4.66,5.41,3.5,-0.01,Calm,Agressive
5.03,0.2,4.6,5.48,3.59,-0.02,Calm,Agressive
4.86,0.21,4.52,5.52,3.7,-0.02,Calm,Agressive
4.66,0.21,4.78,5.54,3.72,-0.02,Calm,Agressive
5.71,0.18,6.15,7.84,3.07,0.01,Happy,Happy
5.71,0.18,5,7.82,2.96,0.01,Happy,Happy
5.32,0.19,4.83,7.55,2.98,0.02,Happy,Happy
4.94,0.2,4.77,7.15,3.02,0.02,Happy,Happy
4.88,0.2,4.52,6.71,2.95,0.02,Happy,Happy
4.86,0.21,4.66,6.02,3.14,0.02,Happy,Happy
4.88,0.2,4.59,5.46,3.11,0.01,Happy,Happy
4.87,0.21,4.57,5.42,3.06,0.02,Happy,Happy
4.79,0.21,4.52,5.39,3.05,0.01,Happy,Happy
4.65,0.22,4.53,5.39,2.97,0,Happy,Happy
4.41,0.23,4.41,5.35,2.84,-0.02,Happy,Happy
4.14,0.24,4.48,5.04,2.82,-0.02,Happy,Happy
3.95,0.25,4.46,4.69,2.63,-0.02,Happy,Happy
3.98,0.25,4.43,4.73,2.61,-0.02,Happy,Happy
4.07,0.25,4.43,4.92,2.64,-0.01,Happy,Happy
4.09,0.24,4.17,4.99,2.32,-0.01,Happy,Happy
4.03,0.25,4.39,5.02,2.72,-0.02,Happy,Happy
4.04,0.25,4.36,5.15,2.79,-0.02,Happy,Happy
4.3,0.23,4.3,5.19,2.8,-0.02,Happy,Happy
4.41,0.23,4.34,5.22,2.82,-0.02,Happy,Happy
4.33,0.23,4.32,5.18,2.86,-0.01,Happy,Happy
4.29,0.23,3.92,5.08,2.91,-0.01,Happy,Happy
4.31,0.23,4.47,5.04,3.23,-0.01,Happy,Happy
4.34,0.23,4.49,5.07,3.23,-0.01,Happy,Happy
4.48,0.22,4.5,5.34,3.24,-0.02,Happy,Happy
4.59,0.22,4.48,5.56,3.18,-0.03,Happy,Happy
4.6,0.22,4.43,5.64,2.96,-0.03,Happy,Happy
4.55,0.22,4.11,5.58,2.97,-0.03,Happy,Happy
4.39,0.23,4.5,5.5,3.08,-0.03,Happy,Happy
4.35,0.23,4.51,5.5,3.09,-0.04,Happy,Happy
4.43,0.23,4.49,5.52,3.08,-0.03,Happy,Happy
4.48,0.22,4.51,5.5,3.03,-0.03,Happy,Happy
4.47,0.22,4.41,5.49,2.47,-0.03,Happy,Happy
4.42,0.23,4.16,5.49,2.94,-0.04,Happy,Happy
4.32,0.23,4.46,5.29,3.1,-0.04,Happy,Happy
4.17,0.24,4.46,4.77,3.11,-0.03,Happy,Happy
4.12,0.24,4.47,4.44,3.11,-0.02,Happy,Happy
4.12,0.24,4.46,4.47,3.11,-0.02,Happy,Happy
4.15,0.24,4.21,4.55,2.79,-0.02,Happy,Happy
4.12,0.24,4.12,4.53,3.01,-0.01,Happy,Happy
3.87,0.26,4.44,4.44,3.04,-0.01,Happy,Happy
3.72,0.27,4.43,4.5,3.05,-0.02,Happy,Happy
3.92,0.26,4.42,4.69,3.03,-0.03,Happy,Happy
4.09,0.24,4.31,4.9,3.02,-0.02,Happy,Happy
4.14,0.24,4.08,5.02,2.35,-0.02,Happy,Happy
4.1,0.24,4.16,5.08,2.76,-0.02,Happy,Happy
4.07,0.25,4.21,5.05,2.74,-0.01,Happy,Happy
4.12,0.24,4.21,4.96,2.75,-0.01,Happy,Happy
4.15,0.24,4.21,4.96,2.75,-0.01,Happy,Happy
4.13,0.24,4.2,5.08,2.77,-0.01,Happy,Happy
4.11,0.24,3.75,5.19,2.51,-0.01,Happy,Happy
4.1,0.24,4.09,5.17,2.62,-0.01,Happy,Happy
4.04,0.25,4.1,5.05,2.61,0,Happy,Happy
3.96,0.25,4.11,4.92,2.61,0,Happy,Happy
3.86,0.26,4.1,4.71,2.6,0,Happy,Happy
3.73,0.27,4.12,4.59,2.49,0,Happy,Happy
3.6,0.28,4.03,4.52,2.52,0,Happy,Happy
3.43,0.29,4.15,4.42,2.52,-0.01,Happy,Happy
3.34,0.3,4.15,4.37,2.56,-0.01,Happy,Happy
3.35,0.3,4.14,4.21,2.6,0,Happy,Happy
3.34,0.3,4.14,3.86,2.59,0.01,Happy,Happy
3.34,0.3,3.85,3.69,2.44,0.01,Happy,Happy
3.25,0.31,4.18,3.78,2.84,0.01,Happy,Happy
2.94,0.34,4.19,3.9,2.84,0.02,Happy,Happy
2.76,0.36,4.18,3.93,2.83,0.06,Happy,Happy
2.96,0.34,4.18,3.97,2.86,0.07,Happy,Happy
3.18,0.31,4.21,4.04,2.89,0.06,Happy,Happy
3.29,0.3,4.12,4.11,2.79,0.06,Happy,Happy
3.32,0.3,4.51,4.25,2.91,0.05,Happy,Happy
3.58,0.28,4.57,4.33,2.88,0.02,Happy,Happy
3.94,0.25,4.56,4.39,2.86,0.01,Happy,Happy
4.07,0.25,4.57,4.37,2.84,0,Happy,Happy
4.09,0.24,4.55,4.3,2.49,0,Happy,Happy
4.11,0.24,4.56,4.25,2.87,0,Happy,Happy
4.15,0.24,4.7,4.32,2.89,-0.01,Happy,Happy
4.22,0.24,4.73,4.41,2.89,-0.01,Happy,Happy
4.25,0.24,4.73,4.42,2.89,-0.02,Happy,Happy
4.24,0.24,4.73,4.41,2.89,-0.02,Happy,Happy
4.2,0.24,4.38,4.39,2.47,-0.02,Happy,Happy
4.13,0.24,4.51,4.31,2.87,-0.02,Happy,Happy
3.9,0.26,4.5,4.13,2.92,-0.03,Happy,Happy
3.63,0.28,4.52,4.07,2.96,-0.03,Happy,Happy
3.53,0.28,4.49,4.13,2.98,-0.03,Happy,Happy
3.53,0.28,4.46,4.2,2.98,-0.02,Happy,Happy
3.52,0.28,4.3,4.17,2.92,-0.02,Happy,Happy
3.43,0.29,4.61,4.02,3.06,-0.01,Happy,Happy
3.16,0.32,6.04,4.79,4.32,0.01,Happy,Happy
4.47,0.22,6.22,6.85,4.39,-0.01,Happy,Happy
6.14,0.16,6.28,7.86,4.42,0,Happy,Happy
6.7,0.15,6.29,8.19,4.39,0,Happy,Happy
6.76,0.15,6.27,8.26,4.48,0,Happy,Happy
6.77,0.15,6.3,8.31,4.49,0,Happy,Happy
6.78,0.15,6.3,8.34,4.52,0,Happy,Happy
6.79,0.15,6.31,8.35,4.53,0,Happy,Happy
6.79,0.15,6.3,8.36,4.51,0,Happy,Happy
6.8,0.15,6.24,8.36,4.45,0,Happy,Happy
6.81,0.15,7.75,8.37,7.07,0,Happy,Happy
7.33,0.14,8.74,8.77,7.08,0,Happy,Happy
8.32,0.12,8.77,9.41,7.07,0,Happy,Happy
8.65,0.12,8.77,9.65,7.07,0,Happy,Happy
8.67,0.12,8.77,9.67,7.07,0,Happy,Happy
8.68,0.12,8.76,9.69,7.06,0,Happy,Happy
8.69,0.12,8.76,9.73,7.06,0,Happy,Happy
8.69,0.12,8.76,9.75,7.06,0,Happy,Happy
8.69,0.12,8.76,9.75,7.06,0,Happy,Happy
8.69,0.12,8.76,9.75,7.06,0,Happy,Happy
8.69,0.12,8.76,9.75,7.05,0,Happy,Happy
5.01,0.2,4.73,5.54,2.69,-0.01,Calm,Calm
4.98,0.2,4.53,5.5,2.4,-0.01,Calm,Calm
4.82,0.21,4.5,5.38,2.97,-0.01,Calm,Calm
4.42,0.23,4.44,5.22,2.94,-0.02,Calm,Calm
4,0.25,4.46,5.09,2.96,-0.02,Calm,Calm
3.58,0.28,4.48,5.11,2.97,-0.02,Calm,Calm
3.5,0.29,4.45,5.2,2.88,0,Calm,Calm
3.71,0.27,4.33,5.23,2.88,0.01,Calm,Calm
3.89,0.26,4.69,5.21,2.93,0.01,Calm,Calm
4.16,0.24,4.66,5,2.91,0.01,Calm,Calm
4.32,0.23,4.65,4.82,2.9,0.01,Calm,Calm
4.33,0.23,4.65,4.86,2.9,0.01,Calm,Calm
4.33,0.23,4.56,4.9,2.53,0.01,Calm,Calm
4.3,0.23,4.6,4.89,2.67,0.01,Calm,Calm
4.13,0.24,4.7,4.94,2.65,0.01,Calm,Calm
4.07,0.25,4.68,4.85,2.65,0.02,Calm,Calm
4.12,0.24,4.65,4.69,2.66,0.02,Calm,Calm
4.07,0.25,4.66,4.54,2.68,0.01,Calm,Calm
3.96,0.25,4.29,4.51,2.38,0.01,Calm,Calm
3.73,0.27,4.58,4.57,2.92,0,Calm,Calm
3.71,0.27,4.62,4.6,2.94,-0.01,Calm,Calm
4.2,0.24,4.64,4.51,2.94,-0.01,Calm,Calm
4.53,0.22,4.63,4.71,2.96,0,Calm,Calm
4.64,0.22,4.63,5.03,3,0,Calm,Calm
4.67,0.21,4.28,5.15,2.79,0,Calm,Calm
4.67,0.21,4.69,5.14,3.07,0,Calm,Calm
4.65,0.22,4.7,5.22,3.08,0,Calm,Calm
4.69,0.21,4.69,5.29,3.07,0,Calm,Calm
4.72,0.21,4.68,5.29,3.07,0,Calm,Calm
4.71,0.21,4.65,5.26,2.77,0,Calm,Calm
4.7,0.21,4.23,5.2,2.83,0,Calm,Calm
4.54,0.22,4.54,5.21,2.88,0,Calm,Calm
4.33,0.23,4.55,5.17,2.91,-0.01,Calm,Calm
4.24,0.24,4.58,4.94,2.89,-0.01,Calm,Calm
4.22,0.24,4.57,4.64,2.92,0,Calm,Calm
4.25,0.24,4.5,4.53,2.62,0.01,Calm,Calm
4.26,0.23,4.33,4.54,2.7,0.01,Calm,Calm
4.2,0.24,4.52,4.78,2.69,0.01,Calm,Calm
4.13,0.24,4.54,5.21,2.67,0.02,Calm,Calm
4.2,0.24,4.65,5.43,2.69,0.02,Calm,Calm
4.35,0.23,4.66,5.68,2.71,0.03,Calm,Calm
4.41,0.23,4.45,5.83,2.42,0.03,Calm,Calm
4.38,0.23,4.43,5.84,2.58,0.03,Calm,Calm
4.2,0.24,4.43,5.84,2.57,0.05,Calm,Calm
3.97,0.25,4.41,5.9,2.52,0.05,Calm,Calm
3.89,0.26,4.4,5.92,2.45,0.02,Calm,Calm
3.9,0.26,4.34,5.91,2.41,0.01,Calm,Calm
3.91,0.26,4.06,5.82,2.5,0.01,Calm,Calm
3.92,0.26,4.42,5.59,2.54,0,Calm,Calm
4,0.25,4.4,5.37,2.55,0,Calm,Calm
3.98,0.25,4.3,5.27,2.54,0.01,Calm,Calm
3.86,0.26,4.26,4.87,2.46,0,Calm,Calm
3.71,0.27,4.24,4.45,2.25,0,Calm,Calm
3.64,0.27,4.37,4.37,2.74,0,Calm,Calm
3.65,0.27,4.51,4.33,2.73,0,Calm,Calm
3.84,0.26,4.61,4.41,2.77,0.01,Calm,Calm
4,0.25,4.65,4.45,2.79,0.02,Calm,Calm
4.07,0.25,4.66,4.42,2.82,0.02,Calm,Calm
4.07,0.25,4.38,4.41,2.59,0.03,Calm,Calm
4,0.25,4.48,4.43,2.78,0.03,Calm,Calm
3.94,0.25,4.52,4.43,2.77,0.02,Calm,Calm
4.02,0.25,4.56,4.44,2.76,0,Calm,Calm
4.05,0.25,4.56,4.43,2.78,-0.01,Calm,Calm
4.07,0.25,4.55,4.4,2.72,-0.01,Calm,Calm
4.12,0.24,4.4,4.39,2.37,-0.01,Calm,Calm
4.11,0.24,4.55,4.21,2.46,-0.01,Calm,Calm
3.98,0.25,4.47,3.97,2.38,-0.02,Calm,Calm
3.88,0.26,4.43,3.88,2.34,-0.02,Calm,Calm
3.9,0.26,4.41,3.86,2.31,-0.02,Calm,Calm
3.96,0.25,4.33,4.06,2.1,-0.03,Calm,Calm
4,0.25,4.2,4.23,2.46,-0.03,Calm,Calm
4.05,0.25,4.35,4.4,2.45,-0.03,Calm,Calm
4.2,0.24,4.33,4.49,2.51,-0.01,Calm,Calm
4.34,0.23,4.33,4.53,2.51,-0.01,Calm,Calm
4.34,0.23,4.26,4.54,2.52,0,Calm,Calm
4.3,0.23,3.81,4.54,2.26,0,Calm,Calm
4.28,0.23,4.23,4.52,2.61,0,Calm,Calm
4.27,0.23,4.29,4.55,2.59,0,Calm,Calm
4.26,0.23,4.29,4.74,2.59,0,Calm,Calm
4.18,0.24,4.29,4.86,2.59,0,Calm,Calm
4.14,0.24,4.27,4.82,2.56,0.01,Calm,Calm
4.04,0.25,4.21,4.77,2.72,0.01,Calm,Calm
3.74,0.27,4.35,4.84,2.72,0.02,Calm,Calm
3.43,0.29,4.35,4.92,2.66,0.02,Calm,Calm
3.49,0.29,4.35,4.96,2.64,0,Calm,Calm
3.61,0.28,4.37,4.98,2.64,-0.01,Calm,Calm
3.69,0.27,4.39,4.99,2.48,-0.02,Calm,Calm
3.73,0.27,4.45,5.02,2.73,-0.03,Calm,Calm
3.77,0.27,4.47,4.98,2.74,-0.04,Calm,Calm
3.93,0.25,4.48,4.8,2.74,-0.04,Calm,Calm
4.11,0.24,4.49,4.62,2.74,-0.04,Calm,Calm
4.15,0.24,4.52,4.57,2.72,-0.03,Calm,Calm
4.15,0.24,4.2,4.53,2.72,-0.03,Calm,Calm
4.14,0.24,4.61,4.37,2.78,-0.03,Calm,Calm
4.14,0.24,4.68,4.21,2.79,-0.03,Calm,Calm
4.18,0.24,4.69,4.3,2.83,-0.03,Calm,Calm
4.17,0.24,4.68,4.3,2.82,-0.03,Calm,Calm
4.17,0.24,4.61,4.22,2.5,-0.03,Calm,Calm
4.14,0.24,4.57,4.14,2.73,-0.03,Calm,Calm
4.01,0.25,4.58,4.29,2.72,-0.03,Calm,Calm
3.86,0.26,4.58,4.61,2.71,-0.01,Calm,Calm
3.79,0.26,4.57,4.89,2.71,0,Calm,Calm
3.77,0.27,4.57,5,2.74,0,Calm,Calm
3.76,0.27,4.27,5,2.54,0,Calm,Calm
3.71,0.27,4.31,5.11,2.55,-0.01,Calm,Calm
3.8,0.26,4.3,5.15,2.55,-0.02,Calm,Calm
3.67,0.27,4.57,4.52,3.03,0.03,Agressive,Agressive
3.67,0.27,4.88,4.75,3.18,0.01,Agressive,Agressive
3.97,0.25,4.91,5.1,3.16,-0.02,Agressive,Agressive
4.74,0.21,4.92,5.41,3.15,-0.04,Agressive,Agressive
5.1,0.2,4.91,5.39,3.16,-0.04,Agressive,Agressive
5.25,0.19,4.92,5.47,3.15,-0.05,Agressive,Agressive
5.32,0.19,4.94,5.59,3.08,-0.05,Agressive,Agressive
5.42,0.18,5.11,5.59,3.1,-0.04,Agressive,Agressive
5.51,0.18,5.12,5.59,3.06,-0.04,Agressive,Agressive
5.52,0.18,4.99,5.67,3.01,-0.04,Agressive,Agressive
5.5,0.18,4.95,5.67,2.96,-0.04,Agressive,Agressive
5.51,0.18,4.8,5.64,2.68,-0.05,Agressive,Agressive
5.5,0.18,4.88,5.6,2.91,-0.04,Agressive,Agressive
5.36,0.19,4.91,5.28,2.92,-0.04,Agressive,Agressive
5.15,0.19,4.94,5.18,2.95,-0.04,Agressive,Agressive
4.86,0.21,4.98,5.15,2.93,-0.03,Agressive,Agressive
4.74,0.21,5.17,4.99,3.25,-0.03,Agressive,Agressive
4.78,0.21,5.08,5.27,3.3,-0.03,Agressive,Agressive
4.62,0.22,5.04,6.22,3.47,-0.02,Agressive,Agressive
4.37,0.23,5.08,6.78,3.48,-0.01,Agressive,Agressive
4.46,0.22,5.14,7.1,3.49,-0.02,Agressive,Agressive
4.65,0.21,5.16,7.33,3.5,-0.03,Agressive,Agressive
4.87,0.21,5.14,7.52,3.44,-0.04,Agressive,Agressive
5,0.2,5.24,7.63,3.55,-0.05,Agressive,Agressive
5.07,0.2,5.32,7.64,3.66,-0.05,Agressive,Agressive
5.04,0.2,5.36,7.65,3.67,-0.06,Agressive,Agressive
5.02,0.2,5.35,7.67,3.6,-0.06,Agressive,Agressive
4.98,0.2,5.17,7.68,3.29,-0.07,Agressive,Agressive
4.89,0.2,5.08,7.66,3.44,-0.09,Agressive,Agressive
4.9,0.2,5.12,7.47,3.64,-0.09,Agressive,Agressive
4.88,0.21,5.14,7.15,3.64,-0.07,Agressive,Agressive
4.82,0.21,5.07,6.89,3.64,-0.06,Agressive,Agressive
4.68,0.21,5.04,6.69,3.65,-0.05,Agressive,Agressive
4.47,0.22,4.91,6.26,3.61,-0.04,Agressive,Agressive
4.31,0.23,4.77,5.9,3.56,-0.03,Agressive,Agressive
4.2,0.24,4.73,5.9,3.52,-0.03,Agressive,Agressive
4.44,0.23,4.74,5.96,4.5,-0.03,Agressive,Agressive
5.13,0.19,6.7,6.33,5.56,-0.02,Agressive,Agressive
6.3,0.16,7.06,8.15,5.63,0,Agressive,Agressive
7.38,0.14,7.09,9.25,5.61,0,Agressive,Agressive
7.72,0.13,7.1,9.6,5.58,0,Agressive,Agressive
7.78,0.13,7.1,9.66,5.58,0,Agressive,Agressive
7.8,0.13,7.11,9.69,5.58,0,Agressive,Agressive
7.8,0.13,7.11,9.72,5.6,0,Agressive,Agressive
7.8,0.13,7.24,9.72,5.69,0,Agressive,Agressive
7.81,0.13,7.4,9.74,5.71,0,Agressive,Agressive
7.82,0.13,7.4,9.82,5.71,0,Agressive,Agressive
7.81,0.13,7.24,9.88,5.29,0,Agressive,Agressive
7.76,0.13,6.55,9.85,4.05,0,Agressive,Agressive
7.4,0.14,6.35,9.61,4.08,0,Agressive,Agressive
6.69,0.15,6.32,9.06,4.05,0,Agressive,Agressive
5.58,0.18,6.31,8.55,4.19,0,Agressive,Agressive
5.22,0.19,6.39,8.46,4.29,0,Agressive,Agressive
5.14,0.19,6.38,8.48,4.33,0,Agressive,Agressive
5.26,0.19,6.37,8.53,4.33,0,Agressive,Agressive
5.22,0.19,5.52,8.55,4.06,0,Agressive,Agressive
5.02,0.2,5.34,8.4,4.09,0,Agressive,Agressive
4.94,0.2,5.32,8.09,4.15,0,Agressive,Agressive
5.02,0.2,5.3,7.8,4.16,0,Agressive,Agressive
5.11,0.2,5.45,7.62,4.19,0,Agressive,Agressive
5.13,0.19,5.4,7.57,4.12,0,Agressive,Agressive
5.22,0.19,5.87,7.55,4.4,0,Agressive,Agressive
5.56,0.18,6.04,7.58,4.25,0,Agressive,Agressive
6.07,0.16,5.97,7.61,4.23,0,Agressive,Agressive
6.32,0.16,5.97,7.45,4.19,0,Agressive,Agressive
6.35,0.16,5.91,7.2,3.86,0,Agressive,Agressive
6.34,0.16,5.84,7.1,3.7,0.01,Agressive,Agressive
6.35,0.16,5.88,7.07,3.7,0.01,Agressive,Agressive
6.33,0.16,5.91,7.04,3.73,0,Agressive,Agressive
6.3,0.16,5.97,7.04,3.81,0,Agressive,Agressive
6.28,0.16,6.01,7.12,3.79,0.01,Agressive,Agressive
6.31,0.16,7.25,7.38,5.01,0.01,Agressive,Agressive
7.36,0.14,8.7,8.66,5.6,0,Agressive,Agressive
8.63,0.12,8.78,9.93,5.6,0,Agressive,Agressive
9.13,0.11,8.79,10.38,5.6,0,Agressive,Agressive
9.25,0.11,8.79,10.46,5.6,0,Agressive,Agressive
9.26,0.11,8.79,10.49,5.6,0,Agressive,Agressive
9.28,0.11,8.79,10.52,5.6,0,Agressive,Agressive
9.29,0.11,8.79,10.53,5.6,0,Agressive,Agressive
9.29,0.11,8.79,10.54,5.59,0,Agressive,Agressive
9.29,0.11,8.78,10.54,5.56,0,Agressive,Agressive
9.29,0.11,8.78,10.54,5.56,0,Agressive,Agressive
9.28,0.11,7.8,10.51,3.05,0,Agressive,Agressive
9.13,0.11,5.74,10.31,2.89,0,Agressive,Agressive
8.4,0.12,4.57,9.65,3.01,0,Agressive,Agressive
6.78,0.15,4.51,8.5,3,0,Agressive,Agressive
6.22,0.16,4.54,7.81,2.96,0,Agressive,Agressive
5.83,0.17,4.92,7.42,4.67,0,Agressive,Agressive
5.49,0.18,7.58,7.1,5.76,0,Agressive,Agressive
6.95,0.14,7.64,8.49,5.76,0,Agressive,Agressive
7.99,0.13,7.65,9.31,5.8,0,Agressive,Agressive
8.22,0.12,7.74,9.47,5.86,0,Agressive,Agressive
8.23,0.12,7.76,9.5,5.87,0,Agressive,Agressive
8.26,0.12,7.77,9.6,5.89,0,Agressive,Agressive
8.28,0.12,7.76,9.64,5.89,0,Agressive,Agressive
8.29,0.12,7.79,9.64,5.9,0,Agressive,Agressive
8.32,0.12,7.79,9.65,5.91,0,Agressive,Agressive
8.33,0.12,7.79,9.65,5.91,0,Agressive,Agressive
8.33,0.12,7.52,9.65,4.56,0,Agressive,Agressive
8.27,0.12,6.08,9.55,4.4,0,Agressive,Agressive
7.8,0.13,6.03,9,4.43,0,Agressive,Agressive
6.95,0.14,5.99,8.16,4,0,Agressive,Agressive
6.29,0.16,5.19,7.98,4.37,0,Agressive,Agressive
6.17,0.16,5.1,7.74,4.28,-0.01,Agressive,Agressive
5.8,0.17,5.11,6.8,4.27,-0.01,Agressive,Agressive
5.73,0.17,5.12,6.16,4.44,-0.01,Agressive,Agressive
5.44,0.18,4.73,6.35,4.56,-0.01,Agressive,Agressive
4.18,0.24,4.5,4.58,2.47,-0.02,Sad,Sad
4.2,0.24,4.96,4.57,2.5,-0.03,Sad,Sad
4.61,0.22,5.02,4.53,2.45,-0.05,Sad,Sad
4.89,0.2,4.99,4.66,2.44,-0.05,Sad,Sad
5.02,0.2,4.98,4.82,2.45,-0.05,Sad,Sad
5.13,0.19,4.88,4.83,2.09,-0.05,Sad,Sad
5.16,0.19,4.86,4.76,2.51,-0.04,Sad,Sad
5.13,0.19,4.96,4.66,2.49,-0.05,Sad,Sad
5.14,0.19,4.9,4.68,2.47,-0.05,Sad,Sad
5.13,0.19,4.87,4.77,2.49,-0.05,Sad,Sad
5.11,0.2,4.79,4.79,2.46,-0.05,Sad,Sad
5.07,0.2,4.36,4.9,2.12,-0.05,Sad,Sad
4.92,0.2,3.97,4.92,2.47,-0.04,Sad,Sad
4.6,0.22,4.25,4.96,2.51,-0.04,Sad,Sad
4.35,0.23,4.26,4.93,2.51,-0.02,Sad,Sad
4.23,0.24,4.26,4.99,2.51,-0.01,Sad,Sad
4.12,0.24,4.25,5.08,2.52,-0.01,Sad,Sad
4.05,0.25,3.87,5.21,2.01,-0.01,Sad,Sad
4.02,0.25,3.89,5.27,2.35,-0.01,Sad,Sad
3.97,0.25,4.1,5.24,2.37,-0.01,Sad,Sad
4.09,0.24,4.13,5.25,2.51,-0.01,Sad,Sad
4.28,0.23,4.15,5.27,2.6,0,Sad,Sad
4.42,0.23,4.2,5.38,2.61,0,Sad,Sad
4.46,0.22,3.88,5.49,2.41,0,Sad,Sad
4.44,0.23,3.75,5.45,2.63,0,Sad,Sad
4.35,0.23,4.21,5.36,2.89,0.01,Sad,Sad
4.36,0.23,4.27,5.33,2.89,0.01,Sad,Sad
4.39,0.23,4.27,5.28,2.88,0.01,Sad,Sad
4.37,0.23,4.25,5.18,2.88,0.02,Sad,Sad
4.35,0.23,4.06,5.13,2.71,0.02,Sad,Sad
4.3,0.23,4.01,5.07,2.93,0.02,Sad,Sad
4.19,0.24,4.42,5.08,2.97,0.01,Sad,Sad
4.17,0.24,4.45,5.14,2.94,0,Sad,Sad
4.13,0.24,4.45,4.99,2.93,0,Sad,Sad
4.1,0.24,4.43,4.75,2.84,0.01,Sad,Sad
4.07,0.25,4.23,4.64,2.5,0.01,Sad,Sad
3.98,0.25,4.23,4.59,2.82,0.01,Sad,Sad
3.82,0.26,4.54,4.7,2.92,0.01,Sad,Sad
3.93,0.25,4.59,4.75,2.91,0.01,Sad,Sad
4.19,0.24,4.59,4.73,2.9,0,Sad,Sad
4.24,0.24,4.6,4.74,2.89,-0.01,Sad,Sad
4.38,0.23,4.4,4.94,2.45,-0.02,Sad,Sad
4.39,0.23,4.44,5.12,2.82,-0.02,Sad,Sad
4.25,0.24,4.47,5.24,2.84,-0.03,Sad,Sad
4.4,0.23,4.47,5.25,2.85,-0.04,Sad,Sad
4.6,0.22,4.47,5.27,2.83,-0.05,Sad,Sad
4.62,0.22,4.48,5.28,2.81,-0.05,Sad,Sad
4.7,0.21,4.08,5.26,2.63,-0.04,Sad,Sad
4.71,0.21,4.11,5.17,2.65,-0.05,Sad,Sad
4.64,0.22,4.1,5.15,2.63,-0.04,Sad,Sad
4.65,0.21,4.08,5.32,2.61,-0.04,Sad,Sad
4.61,0.22,4.04,5.36,2.62,-0.04,Sad,Sad
4.51,0.22,3.99,5.24,2.41,-0.03,Sad,Sad
4.49,0.22,3.98,5.11,2.57,-0.03,Sad,Sad
4.42,0.23,3.97,5.13,2.52,-0.03,Sad,Sad
4.2,0.24,3.99,5.12,2.51,-0.01,Sad,Sad
4.13,0.24,3.97,5.11,2.56,0,Sad,Sad
4.09,0.24,3.95,5.11,2.55,0.01,Sad,Sad
3.97,0.25,3.86,5.09,2.47,0.01,Sad,Sad
3.8,0.26,4.12,5.13,2.69,0,Sad,Sad
3.68,0.27,4.14,5,2.71,-0.01,Sad,Sad
3.77,0.27,4.14,4.83,2.74,-0.03,Sad,Sad
3.79,0.26,4.14,4.83,2.72,-0.03,Sad,Sad
3.87,0.26,4.17,4.75,2.6,-0.02,Sad,Sad
3.96,0.25,4.41,4.32,2.88,-0.02,Sad,Sad
3.99,0.25,4.53,3.95,2.94,-0.01,Sad,Sad
4.09,0.24,4.55,4.22,2.95,-0.01,Sad,Sad
4.12,0.24,4.56,4.25,2.95,-0.01,Sad,Sad
4.15,0.24,4.56,4.29,2.97,-0.01,Sad,Sad
4.21,0.24,4.47,4.36,2.75,-0.02,Sad,Sad
4.23,0.24,4.49,4.39,2.85,-0.02,Sad,Sad
4.13,0.24,4.56,4.43,2.92,-0.02,Sad,Sad
4.03,0.25,4.63,4.45,2.96,-0.01,Sad,Sad
4.12,0.24,4.61,4.46,2.95,-0.02,Sad,Sad
4.18,0.24,4.68,4.45,3.01,-0.02,Sad,Sad
4.17,0.24,4.41,4.54,2.9,-0.03,Sad,Sad
4.05,0.25,4.36,4.53,2.86,-0.05,Sad,Sad
3.94,0.25,4.4,4.42,2.88,-0.06,Sad,Sad
4.16,0.24,4.42,4.54,2.87,-0.02,Sad,Sad
4.42,0.23,4.44,4.65,2.87,-0.01,Sad,Sad
4.53,0.22,4.38,4.67,3.03,-0.01,Sad,Sad
4.59,0.22,4.47,4.61,2.97,0,Sad,Sad
4.74,0.21,4.41,4.61,2.97,0,Sad,Sad
4.85,0.21,4.35,4.75,2.96,0,Sad,Sad
4.87,0.21,4.33,4.75,2.95,0,Sad,Sad
4.85,0.21,4.09,4.72,2.7,0.01,Sad,Sad
4.82,0.21,4.2,4.71,2.94,0.01,Sad,Sad
4.88,0.21,4.31,4.71,2.94,0.01,Sad,Sad
4.96,0.2,4.28,4.65,2.9,0.01,Sad,Sad
4.9,0.2,4.26,4.56,2.91,0,Sad,Sad
4.76,0.21,4.26,4.39,2.92,0,Sad,Sad
4.66,0.21,4.29,4.31,2.94,0,Sad,Sad
4.57,0.22,4.36,4.37,2.96,0,Sad,Sad
4.47,0.22,4.35,4.46,2.97,0,Sad,Sad
4.49,0.22,4.38,4.49,2.96,-0.01,Sad,Sad
4.52,0.22,4.39,4.52,2.96,-0.01,Sad,Sad
4.49,0.22,4.37,4.47,2.91,-0.01,Sad,Sad
4.52,0.22,4.46,4.54,2.96,-0.01,Sad,Sad
4.44,0.23,4.38,4.55,2.94,-0.01,Sad,Sad
4.34,0.23,4.38,4.52,2.96,-0.03,Sad,Sad
4.35,0.23,4.38,4.54,2.99,-0.03,Sad,Sad
4.47,0.22,4.37,4.55,2.94,-0.03,Sad,Sad
4.58,0.22,4.24,4.64,2.98,-0.02,Sad,Sad
4.67,0.21,4.25,4.75,2.95,-0.01,Sad,Sad
4.7,0.21,4.27,4.64,2.93,0,Sad,Sad
4.67,0.21,4.27,4.48,2.93,-0.01,Sad,Sad
4.68,0.21,4.24,4.49,2.95,-0.01,Sad,Sad
4.22,0.24,4.7,5.01,2.83,0.01,Calm,Calm
4.08,0.24,4.66,4.96,2.83,0.03,Calm,Calm
3.94,0.25,4.61,4.94,2.85,0.04,Calm,Calm
3.92,0.26,4.49,4.94,2.9,0.04,Calm,Calm
3.92,0.26,4.35,4.8,2.84,0.03,Calm,Calm
3.91,0.26,4.35,4.6,2.89,0.02,Calm,Calm
3.89,0.26,4.32,4.44,2.87,0.02,Calm,Calm
3.91,0.26,4.31,4.35,2.88,0.02,Calm,Calm
3.91,0.26,4.35,4.25,2.85,0.02,Calm,Calm
3.92,0.25,4.5,4.13,2.99,0.02,Calm,Calm
3.9,0.26,4.46,4.09,2.96,0.01,Calm,Calm
3.79,0.26,4.49,4.24,3,0,Calm,Calm
3.74,0.27,4.57,4.23,3.2,-0.01,Calm,Calm
3.83,0.26,4.59,4.54,3.2,-0.01,Calm,Calm
3.87,0.26,4.67,4.95,3.28,-0.01,Calm,Calm
3.79,0.26,4.69,4.99,3.27,-0.01,Calm,Calm
3.73,0.27,4.7,4.97,3.25,-0.02,Calm,Calm
3.88,0.26,4.73,5.06,3.24,-0.03,Calm,Calm
4.02,0.25,4.73,5.12,3.29,-0.02,Calm,Calm
4.07,0.25,4.64,5.19,3.25,-0.02,Calm,Calm
4.07,0.25,4.39,5.21,3.2,-0.02,Calm,Calm
4.09,0.24,4.43,5.19,3.21,-0.02,Calm,Calm
4.25,0.24,4.38,5.15,3.1,-0.01,Calm,Calm
4.29,0.23,4.31,5.13,2.98,-0.01,Calm,Calm
4.23,0.24,4.3,4.98,2.99,-0.01,Calm,Calm
4.29,0.23,4.09,4.7,3.06,-0.01,Calm,Calm
4.25,0.24,4.09,4.63,3.11,-0.01,Calm,Calm
4.08,0.25,4.04,4.61,3.13,-0.01,Calm,Calm
3.93,0.25,4.02,4.78,3.13,-0.01,Calm,Calm
3.78,0.26,4.03,4.92,3.21,-0.01,Calm,Calm
3.72,0.27,4.1,5.01,3.18,-0.01,Calm,Calm
3.75,0.27,4.16,5.16,3.18,-0.02,Calm,Calm
3.73,0.27,4.14,5.23,3.22,-0.02,Calm,Calm
3.44,0.29,4.14,5.21,3.22,-0.03,Calm,Calm
3.32,0.3,4.12,5.21,3.23,-0.03,Calm,Calm
3.29,0.3,4.1,5.19,3.04,-0.01,Calm,Calm
3.19,0.31,4.22,5.18,2.91,-0.01,Calm,Calm
3.4,0.29,4.31,5.2,2.9,0,Calm,Calm
3.59,0.28,7.54,5.34,5.53,0,Calm,Calm
6.07,0.16,7.83,7.53,5.57,0,Calm,Calm
7.66,0.13,7.94,8.87,5.62,0,Calm,Calm
8.2,0.12,7.95,9.37,5.62,0,Calm,Calm
8.27,0.12,7.95,9.48,5.63,0,Calm,Calm
8.27,0.12,7.97,9.52,5.64,0,Calm,Calm
8.27,0.12,7.98,9.56,5.65,0,Calm,Calm
8.3,0.12,7.98,9.63,5.65,0,Calm,Calm
8.34,0.12,7.98,9.71,5.65,0,Calm,Calm
8.36,0.12,7.99,9.74,5.67,0,Calm,Calm
8.36,0.12,7.98,9.75,5.4,0,Calm,Calm
8.36,0.12,6.75,9.74,4.46,0,Calm,Calm
8.13,0.12,6.27,9.54,4.22,0,Calm,Calm
7.28,0.14,5.78,9.02,4.13,0,Calm,Calm
6.62,0.15,5.69,8.65,4.05,0,Calm,Calm
6.52,0.15,5.58,8.54,4,0,Calm,Calm
6.52,0.15,5.36,8.36,3.9,0,Calm,Calm
6.46,0.15,5.29,8.13,3.86,0,Calm,Calm
6.22,0.16,5.28,7.8,3.86,-0.01,Calm,Calm
5.92,0.17,5.18,7.4,3.76,-0.01,Calm,Calm
5.71,0.18,4.98,7.12,3.83,-0.01,Calm,Calm
5.59,0.18,4.91,7.12,2.9,-0.01,Calm,Calm
5.57,0.18,3.77,7.2,2.5,-0.01,Calm,Calm
5.29,0.19,3.01,7.22,2.73,-0.01,Calm,Calm
4.39,0.23,3.2,6.91,2.76,-0.03,Calm,Calm
3.56,0.28,3.36,6.47,2.96,-0.05,Calm,Calm
3.35,0.3,3.43,6.29,3.01,-0.06,Calm,Calm
3.25,0.31,3.79,6.28,3.35,-0.08,Calm,Calm
3.29,0.3,4.29,6.32,3.88,-0.08,Calm,Calm
3.6,0.28,4.69,6.45,4.05,-0.04,Calm,Calm
4.17,0.24,4.73,7.06,3.98,0,Calm,Calm
4.79,0.21,4.8,7.48,4.1,0.01,Calm,Calm
5.09,0.2,4.89,7.54,4.11,0.01,Calm,Calm
5.21,0.19,4.89,7.53,4.05,0.01,Calm,Calm
5.3,0.19,4.85,7.52,4.04,0.02,Calm,Calm
5.42,0.18,4.89,7.55,4.1,0.01,Calm,Calm
5.49,0.18,4.91,7.59,4.06,0.01,Calm,Calm
5.49,0.18,4.93,7.61,4.06,0.01,Calm,Calm
5.48,0.18,4.86,7.59,3.79,0.01,Calm,Calm
5.47,0.18,4.53,7.58,3.49,0.01,Calm,Calm
5.4,0.19,4.44,7.49,3.54,0.01,Calm,Calm
5.23,0.19,4.43,7,3.53,0.01,Calm,Calm
4.97,0.2,4.28,6.49,3.38,0.01,Calm,Calm
4.66,0.21,4.22,6.28,3.37,0.01,Calm,Calm
4.59,0.22,4.28,6.11,3.42,0,Calm,Calm
4.3,0.23,4.35,6.03,3.41,0,Calm,Calm
4.07,0.25,4.2,5.81,3.28,0,Calm,Calm
3.99,0.25,4.14,5.42,3.44,0,Calm,Calm
3.99,0.25,4.37,5.06,3.43,0,Calm,Calm
3.98,0.25,4.41,4.86,3.18,0,Calm,Calm
3.99,0.25,4.42,4.78,3.3,0,Calm,Calm
4,0.25,4.46,4.78,3.22,0,Calm,Calm
4.25,0.24,4.54,5.15,3.13,-0.01,Calm,Calm
4.68,0.21,4.73,5.35,3.09,-0.02,Calm,Calm
4.91,0.2,4.73,5.32,3.07,-0.01,Calm,Calm
5.26,0.19,4.72,5.33,3.06,-0.01,Calm,Calm
5.56,0.18,4.75,5.38,3.18,-0.01,Calm,Calm
5.6,0.18,4.8,5.41,3.17,-0.01,Calm,Calm
5.58,0.18,4.81,5.43,3,-0.01,Calm,Calm
5.59,0.18,4.64,5.48,2.99,-0.01,Calm,Calm
5.6,0.18,4.57,5.46,2.93,-0.01,Calm,Calm
5.6,0.18,4.59,5.42,2.68,-0.01,Calm,Calm
5.6,0.18,4.4,5.38,2.64,-0.01,Calm,Calm
5.47,0.18,4.57,5.07,2.96,0,Calm,Calm
5.4,0.19,4.83,4.71,3.07,-0.01,Calm,Calm
5.37,0.19,4.92,5.38,3.14,0,Calm,Calm
4.9,0.2,4.9,6.07,3.05,0,Calm,Calm
4.47,0.22,4.86,6.46,2.91,0,Calm,Calm
4.41,0.23,4.23,5.45,3.2,0.02,Calm,Happy
4.39,0.23,4.17,5.38,3.14,0.02,Calm,Happy
4.37,0.23,3.87,5.17,3.11,0.02,Calm,Happy
4.27,0.23,3.85,4.43,3.11,0.02,Calm,Happy
3.76,0.27,4.23,3.87,3.29,0.01,Calm,Happy
3.28,0.3,4.28,4.07,3.4,0,Calm,Happy
3.41,0.29,4.37,4.32,3.63,-0.02,Calm,Happy
3.84,0.26,4.46,4.53,3.65,-0.02,Calm,Happy
4.2,0.24,4.18,4.71,3.59,-0.01,Calm,Happy
4.28,0.23,4.11,4.72,3.64,-0.02,Calm,Happy
4.22,0.24,4.62,4.7,3.72,-0.02,Calm,Happy
4.18,0.24,4.71,4.75,3.76,-0.02,Calm,Happy
4.16,0.24,4.77,4.87,3.82,-0.02,Calm,Happy
4.16,0.24,4.82,4.99,3.82,-0.02,Calm,Happy
4.16,0.24,4.88,5.03,3.9,-0.02,Calm,Happy
4.18,0.24,5.17,5.02,3.91,-0.02,Calm,Happy
4.2,0.24,5.21,5.26,3.87,-0.01,Calm,Happy
4.23,0.24,5.28,5.55,3.71,-0.01,Calm,Happy
4.03,0.25,5.27,5.51,3.7,-0.02,Calm,Happy
3.95,0.25,5.26,5.43,3.64,-0.03,Calm,Happy
4.09,0.24,5.24,5.41,3.61,-0.03,Calm,Happy
4.2,0.24,4.93,5.4,3.5,-0.03,Calm,Happy
4.27,0.23,4.96,5.34,3.45,-0.03,Calm,Happy
4.28,0.23,4.96,5.26,3.46,-0.03,Calm,Happy
4.3,0.23,4.95,5.22,3.41,-0.03,Calm,Happy
4.31,0.23,4.83,5.24,3.1,-0.03,Calm,Happy
4.31,0.23,4.39,5.21,3.02,-0.03,Calm,Happy
4.19,0.24,4.15,4.77,2.9,-0.04,Calm,Happy
4.07,0.25,4.38,4.1,3.09,-0.04,Calm,Happy
3.98,0.25,4.42,4.19,3.13,-0.03,Calm,Happy
3.96,0.25,4.4,4.31,3.31,-0.02,Calm,Happy
3.84,0.26,4.41,4.29,3.41,-0.02,Calm,Happy
3.67,0.27,4.41,4.32,3.4,-0.01,Calm,Happy
3.64,0.27,4.41,4.42,3.63,-0.01,Calm,Happy
3.58,0.28,4.67,4.52,3.57,-0.02,Calm,Happy
3.56,0.28,4.68,4.6,3.61,-0.02,Calm,Happy
3.65,0.27,4.58,4.69,3.62,-0.02,Calm,Happy
3.64,0.28,4.53,4.65,3.63,-0.02,Calm,Happy
3.59,0.28,4.41,4.57,3.67,-0.01,Calm,Happy
3.52,0.28,4.69,4.47,3.71,-0.01,Calm,Happy
3.52,0.28,4.76,4.48,3.69,-0.01,Calm,Happy
3.94,0.25,4.76,4.74,3.54,0,Calm,Happy
4.14,0.24,4.79,4.94,3.63,0,Calm,Happy
4.13,0.24,4.79,5,3.69,0,Calm,Happy
4.11,0.24,4.59,5,3.53,0.01,Calm,Happy
4.14,0.24,4.59,4.95,3.6,0,Calm,Happy
4.2,0.24,4.57,4.8,3.6,0,Calm,Happy
4.28,0.23,4.61,4.78,3.63,0,Calm,Happy
4.32,0.23,4.61,4.8,3.59,0,Calm,Happy
4.35,0.23,4.6,4.85,3.48,0,Calm,Happy
4.37,0.23,4.27,4.85,3.46,0,Calm,Happy
4.18,0.24,4.29,4.68,3.4,-0.01,Calm,Happy
3.84,0.26,4.28,4.52,3.39,-0.02,Calm,Happy
3.72,0.27,4.24,4.43,3.2,-0.03,Calm,Happy
3.73,0.27,4.3,4.37,3.14,-0.04,Calm,Happy
3.75,0.27,4.15,4.47,3.07,-0.04,Calm,Happy
3.69,0.27,4.35,4.64,3.17,-0.04,Calm,Happy
3.49,0.29,4.41,4.67,3.06,-0.04,Calm,Happy
3.42,0.29,4.41,4.64,3.09,-0.03,Calm,Happy
3.47,0.29,4.37,4.66,3.08,-0.02,Calm,Happy
3.37,0.3,4.38,4.65,3.05,-0.01,Calm,Happy
3.27,0.31,3.99,4.74,2.97,-0.01,Calm,Happy
3.32,0.3,4.37,4.81,3.11,0,Calm,Happy
3.52,0.28,4.38,4.78,3.13,0,Calm,Happy
3.7,0.27,4.35,4.72,3.31,0,Calm,Happy
3.78,0.26,4.48,4.77,3.95,0.01,Calm,Happy
3.92,0.26,4.8,5.24,3.9,0,Calm,Happy
4.26,0.23,4.63,5.86,4,0,Calm,Happy
4.43,0.23,4.65,6.18,4.03,0,Calm,Happy
4.45,0.22,4.64,6.27,4.02,-0.01,Calm,Happy
4.45,0.22,4.64,6.3,4.02,-0.01,Calm,Happy
4.47,0.22,4.75,6.32,4.14,-0.01,Calm,Happy
4.48,0.22,4.93,6.29,4.43,-0.01,Calm,Happy
4.5,0.22,4.94,6.28,4.56,-0.01,Calm,Happy
4.48,0.22,5.04,6.28,4.66,0,Calm,Happy
4.41,0.23,5.13,6.3,4.83,0,Calm,Happy
4.42,0.23,4.94,6.29,4.64,0,Calm,Happy
4.28,0.23,4.87,6.09,4.9,0.01,Calm,Happy
3.89,0.26,4.97,5.62,5.21,0.01,Calm,Happy
3.67,0.27,5.16,5.01,5.23,0.01,Calm,Happy
3.72,0.27,5.19,4.66,5.3,0,Calm,Happy
3.83,0.26,5.26,4.51,5.38,0.01,Calm,Happy
4.07,0.25,5.32,5.07,5.43,0.01,Calm,Happy
4.91,0.2,5.37,6.16,5.42,0.04,Calm,Happy
5.55,0.18,5.37,6.66,5.35,0.04,Calm,Happy
5.74,0.17,5.38,6.72,5.33,0.03,Calm,Happy
5.75,0.17,5.35,6.73,5.22,0.03,Calm,Happy
5.82,0.17,5.42,6.85,5.25,0.03,Calm,Happy
5.87,0.17,5.37,6.97,4.82,0.03,Calm,Happy
5.87,0.17,5.31,6.99,4.65,0.03,Calm,Happy
5.87,0.17,5.43,7,4.58,0.03,Calm,Happy
5.87,0.17,5.41,7.09,4.36,0.03,Calm,Happy
5.86,0.17,5.36,7.23,4.27,0.03,Calm,Happy
5.8,0.17,5.31,7.31,4.32,0.03,Calm,Happy
5.55,0.18,7.29,7.38,5.23,0.03,Calm,Happy
6.14,0.16,7.37,8.32,5.24,0,Calm,Happy
7.02,0.14,7.36,8.95,5.25,0,Calm,Happy
7.26,0.14,7.37,9.14,5.21,0,Calm,Happy
7.28,0.14,7.35,9.17,5.19,0,Calm,Happy
7.28,0.14,7.35,9.18,5.19,0,Calm,Happy
7.28,0.14,7.34,9.19,5.19,0,Calm,Happy
7.28,0.14,7.34,9.2,5.26,0,Calm,Happy
7.28,0.14,7.38,9.19,5.26,0,Calm,Happy
7.29,0.14,7.37,9.19,5.25,0,Calm,Happy
7.31,0.14,7.19,9.18,4.06,0,Calm,Happy
7.23,0.14,5.26,9.04,3.48,0,Calm,Happy
6.69,0.15,5.13,8.43,3.46,0,Calm,Happy
